  2719 POINTS OF ACC DATA EQUALLY SPACED AT   .020 SEC.
   -11.176     -.084      .444    -2.986    -4.109    -2.028    -1.824    -3.586
     1.660     6.170     2.241    -2.422    -3.250      .282     -.125    -1.441
    -3.445    -2.756    -1.403     5.776    11.196    13.434    11.716     8.281
     2.102    -5.631    -5.769    -4.619    -4.090    -4.648    -6.689   -14.443
   -19.198   -20.407   -14.573    -4.301     7.653    13.180     7.496     1.614
    -3.950    -4.624    -1.757     1.667     8.480     9.131     4.703     -.638
    -5.205    -1.996     4.034     3.769     2.919     4.639     4.091     2.562
     2.923     6.379     9.873     7.035     2.479    -5.467    -7.635    -2.574
     1.814     3.476     2.391    -9.018   -17.500   -13.681    -3.934     6.894
    17.286    18.661    14.561     6.354    -6.851    -5.754     6.267    21.010
    22.611    10.342    -3.509   -15.189   -18.783   -19.491   -17.938    -8.034
     2.541     8.816    14.753    14.381    11.409     3.849    -4.048   -13.294
   -15.595    -7.386     1.054    12.042    14.236     4.864    -7.672   -15.006
    -6.311     7.365    22.100    38.341    41.117    28.202    14.328    -1.428
   -15.134   -16.361   -10.599    -8.084    -9.048    -7.085     -.124    -5.845
   -16.104   -29.906   -31.262   -16.599     1.384    12.645     8.868     4.127
     7.570     9.877     7.129      .640    -8.188   -10.850   -12.200    -9.240
     -.200    13.387    12.978    11.139    18.397    26.920    27.261    22.713
    24.226    29.926    36.812    33.104    24.023    14.505    10.192     7.765
     8.261    17.439    27.310    37.353    41.905    40.156    39.309    36.298
    32.785    30.714    30.227    27.519    21.461    24.253    32.797    44.534
    54.350    36.747     5.161   -27.212   -60.509   -62.015   -42.404   -19.961
     3.846    25.608    20.862     1.530   -19.581   -41.573   -63.400   -84.994
  -107.509  -123.805  -113.181   -94.644   -74.079   -57.516   -52.423   -40.095
   -21.715   -15.175   -10.012     8.645     9.449   -13.298   -35.206   -26.666
    -2.170    25.122    43.580    25.878    -1.809   -26.684    -3.939    35.247
    76.456   118.587   114.754    74.458    29.667    -7.604    -1.295     8.427
    12.848     8.103   -10.817   -32.492   -31.816   -24.614   -36.224   -58.916
   -72.276   -58.548   -39.725   -17.538     2.448    25.637    35.947    24.487
     6.630     2.396    13.840    23.311    24.898    32.240    47.749    57.029
    44.331    24.958     4.418   -16.548   -36.939   -57.943   -58.441   -39.429
   -19.658     3.193    19.810    25.750    25.685    22.800     3.536    -8.232
    -2.111     5.626     4.209    -4.061    -2.378     6.670     8.620     7.809
    13.286    13.107     8.095     8.791     5.064   -19.487   -47.823   -76.184
   -73.119   -56.840   -37.720   -18.581     1.199    15.346    -2.002    -9.107
    16.164    47.374    77.485    56.361     3.389   -24.981     6.270    42.268
    66.716    80.738    57.735    24.433   -12.921   -23.821    -6.495    11.829
    35.073    45.317    31.148     8.454    -2.344    15.473    36.059    27.215
    -1.037   -29.454   -61.988   -78.813   -77.133   -74.488   -73.858   -75.921
   -63.780   -43.347   -20.689     1.092    25.395    30.169     -.649   -19.694
   -19.382   -14.944   -14.895   -31.325   -49.521   -70.642   -60.135   -22.011
    18.973    61.868   105.187   137.650   127.559   107.138    84.066    81.418
    92.117    93.638    67.792    36.232     2.170   -31.264   -65.031   -98.149
  -103.549   -84.891   -65.015   -43.901   -51.127   -72.236   -90.992   -77.825
   -55.351   -29.973    -5.415    20.317    44.520    71.049    85.767    86.331
    85.277    65.774    31.368    -3.184   -40.892   -55.414   -47.653   -37.806
   -25.822   -14.971    -3.301     1.740     4.949    18.295    38.409    44.451
    25.235    11.682    20.527    25.435    13.751     -.709   -16.395   -22.091
   -20.280   -21.395   -21.519    -9.605     5.717     7.567   -12.950   -18.485
     -.947    24.045    47.923    74.794    60.228    11.983   -43.322   -77.256
   -74.271   -69.116   -59.373   -50.894   -27.656    -2.192    26.005    52.047
    81.405    72.282     9.715   -18.187    -4.933    16.668    24.468     3.903
   -19.621   -45.819   -72.102   -85.831   -67.718   -45.743   -19.348     4.461
    30.559    41.624    41.422    58.634    78.187    51.172    11.866   -28.589
   -28.667   -10.612     9.705    32.978    39.308    10.789   -25.776   -51.252
   -31.143    -2.878    31.897    52.273    41.729    45.432    76.507    78.763
    32.964     7.631    -5.796   -33.659   -71.103  -106.124  -147.970  -152.705
  -112.430   -67.836   -20.063    28.687    55.797    37.466    14.418   -14.638
   -20.922    -9.370    -2.305   -16.462   -36.219   -55.037   -50.295   -38.437
   -38.396   -28.743     4.450    40.136    75.685    75.086    62.647    56.324
    65.676    83.084   106.338   112.254   107.765    80.205    32.498   -18.211
   -68.626  -122.784  -143.943   -99.368   -48.433    14.697    41.761    20.034
   -11.705   -44.757   -81.228   -92.611   -63.373   -29.117     9.902    38.679
    33.084    25.899    26.306    21.542    -1.147    -8.843     1.151    11.721
    15.376    24.531    45.114    65.169    52.518    26.928      .371    -7.094
    -3.540    11.237    25.929    16.072   -11.632   -22.556    -8.587     7.064
    11.720     3.699   -12.585   -29.468   -47.987   -58.769   -35.934    -3.704
    31.831    61.821    61.394    50.821    43.528    40.762    31.568    15.948
     -.032   -16.887   -33.186   -49.841   -66.709   -78.309   -53.620   -18.733
    18.530    28.540    19.383    13.838    13.438    10.842     7.138    10.337
     8.298    -4.233   -18.015    -9.040     9.889    30.776    41.367    44.138
    43.674    37.841    11.331   -18.884   -49.962   -41.816   -15.974    14.380
    11.292   -17.082   -50.381   -70.883   -46.270   -12.914    26.453    45.621
    43.821    42.835    40.636    39.642    38.903    45.084    44.610    17.966
   -15.433   -52.221   -77.676   -63.756   -38.819   -15.598    -1.647     9.509
     -.476   -15.643   -33.498   -38.164   -29.328   -19.993    -8.101    -9.210
   -24.344   -40.534   -55.080   -60.467   -53.453   -42.704   -20.925     9.675
    34.012    38.659    41.005    50.425    47.725    28.674     9.396   -12.852
   -32.425   -55.204   -49.851   -18.050    17.728    43.824    30.508    10.848
   -15.104   -22.097   -11.724     2.513     9.346     2.431    -6.015   -12.575
   -16.002   -19.882   -22.817   -26.843   -27.608   -14.196     4.635    12.295
     8.675     6.181    17.773    35.771    53.413    72.989    81.909    80.036
    78.564    87.009    85.808    65.670    42.826    18.472    -5.976   -26.354
   -19.499    -6.884   -13.235   -26.971   -36.234   -39.257   -54.153   -77.247
   -91.515   -74.948   -51.595   -25.368      .446    22.024    18.545     9.029
    -2.742   -15.186   -26.120   -12.832     5.648    26.853    47.119    68.073
    89.003   104.138   102.603    95.404    71.880    45.409    17.801     2.609
    -6.188    -3.394     1.143     7.926     9.051     3.739    -5.784   -26.853
   -51.156   -76.890   -95.631   -87.502   -72.957   -56.582   -50.929   -46.521
   -34.872   -20.020   -16.442   -20.669   -24.053    -6.247    22.741    51.754
    84.147    97.833    84.998    69.530    53.608    46.525    31.991    13.667
    -6.966   -26.033   -47.918   -55.812   -41.108   -20.975   -13.127   -23.398
   -24.772   -17.347   -15.959   -27.046   -38.639   -50.944   -41.744   -22.553
    -1.714     7.629    10.087    17.553    28.426    25.561    14.329     6.219
      .142   -10.904   -16.777    -5.507    10.419    26.507    34.047    30.546
    13.205    -9.562   -20.192   -15.513   -10.661    -5.757    -2.053     1.314
     1.032      .983     1.512    -1.941    -9.644   -18.078   -23.213   -14.389
    -2.236    11.153    23.546    30.181    22.908    13.150     1.098    -4.228
     1.194     8.960    17.049    24.224    26.432    19.118     9.517     -.632
   -10.870   -20.881   -29.701   -25.371   -17.771    -7.916    -6.798   -14.206
   -22.855   -20.017    -9.736     3.629    21.949    44.150    47.845    30.619
    11.096    -6.461    -5.650     -.138     4.567     5.664     1.444    -3.361
    -3.085    -3.738    -3.421     1.452     7.475    14.040    19.635    24.693
    26.802    18.100     5.416    -2.121     -.121      .490    -3.679   -10.628
   -16.947   -23.666   -13.657     4.518    26.348    33.295    14.667    -6.401
   -31.052   -40.391   -35.801   -29.644   -19.628    -7.360     5.213    18.290
    28.418    25.418    18.782    13.916    10.790     7.822     4.886     3.248
     6.213     8.259     4.550     -.332    -5.768    -3.724     2.922     8.835
    10.371     9.954     4.217    -7.692   -20.276   -22.752   -17.481   -12.931
   -10.853    -9.178    -8.179    -6.967    -9.018   -15.645   -22.071   -26.699
   -30.685   -24.622   -13.673    -2.230     1.120    -2.231    -7.430    -8.415
    -5.257    -1.781     1.842     -.324    -5.039   -10.778   -10.718    -3.540
     3.959    12.294    20.678    29.649    25.712    17.241     7.505     4.506
     8.021    10.195    10.516    10.604    14.432    17.988    18.494    19.698
    22.827    28.851    29.551    26.644    25.397    24.649    17.433     4.685
    -9.031   -22.645   -36.856   -50.000   -64.313   -60.709   -41.733   -21.120
     1.006    19.525    17.711     9.836      .044    -7.184   -10.175    -4.352
     6.563    14.121    15.898    17.054    19.644    29.273    39.004    51.143
    52.638    39.576    25.125     8.867     3.207     8.889     7.956     -.725
   -10.553   -20.777   -31.284   -38.953   -33.933   -25.388   -26.064   -35.791
   -45.354   -56.962   -55.379   -41.644   -26.383   -10.478     5.786    17.313
    18.248    17.526    16.407    14.715     6.215    -4.899   -14.248   -17.429
   -12.661    -3.737     5.827    11.451    13.166    13.410    12.405    11.522
    10.391     9.491     8.274     8.129    10.483    14.723    17.386    12.121
     3.236      .964    10.032    20.106    15.731     -.649   -17.565   -35.024
   -41.112   -42.367   -32.060   -19.453    -5.676    -4.909   -12.225   -21.013
   -25.852   -27.582   -27.914   -27.184   -22.917   -10.246     3.141    18.403
    24.438    20.749    15.562     7.749     -.288    -8.534   -17.110   -25.495
   -34.537   -33.752   -22.715   -11.021     1.802    14.062    26.477    35.715
    43.915    52.158    57.765    47.443    32.091    15.851     -.640    -6.886
    -3.133     -.319     2.283     4.129     5.656     -.853   -10.203   -19.674
   -25.916   -30.875   -36.361   -35.582   -24.240   -11.659     1.657    11.680
    19.733    16.996    10.520     6.301     4.376     5.734    10.882    16.744
    19.257    14.726     9.122     5.068     4.016     5.293     8.164     9.723
     4.273    -3.372    -8.281   -11.010   -16.029   -24.111   -32.172   -40.841
   -39.606   -29.310   -18.419    -6.494     4.950    15.356     9.081    -1.277
   -14.623   -17.598    -5.100    10.321    23.373    26.974    25.905    23.421
    19.726     9.229    -4.929   -12.083    -9.206    -4.863      .020     8.277
    10.087     -.142   -10.877   -23.779   -31.131   -29.042   -24.273   -17.464
   -10.292    -2.998     4.217     9.278    12.722    15.173    16.800    17.166
    16.506    15.737    15.725    20.048    25.391    29.594    32.027    33.944
    33.110    27.765    21.008    19.551    20.937    23.101    20.630    13.898
     7.151     3.555     1.386    -1.316    -9.443   -19.604   -29.845   -40.686
   -47.813   -49.705   -50.224   -49.262   -46.530   -40.866   -35.417   -29.400
   -23.353   -16.476    -9.634    -4.686    -8.360   -13.938   -19.347   -12.764
    -3.185     8.249    14.820    15.182    15.182    18.993    23.921    28.980
    33.368    38.267    38.713    35.121    31.087    27.906    25.235    21.917
    16.672    11.356     4.699    -2.528   -10.483   -14.395   -11.923   -10.084
    -9.766   -11.268    -7.945     2.079    13.980    20.245    15.771     8.408
     -.486    -8.824   -17.803   -26.089   -35.054   -34.757   -26.383   -17.329
    -7.277      .173      .889      .374     4.046    10.558    14.077     9.931
     4.019    -2.532    -8.536    -7.646    -1.546     1.340    -1.085    -4.333
    -3.916     -.231     2.485     5.180     6.038     5.672     2.423    -3.795
   -10.682   -15.415   -16.997   -16.010   -12.078    -8.019    -3.972     -.590
     5.798    17.408    21.459    13.128     1.109    -3.332     6.777    16.861
    21.477    23.262    22.508    18.303    15.731    15.386    18.767    23.329
    26.472    24.330    17.560     9.359      .983    -7.418   -13.180   -16.075
   -20.137   -24.734   -29.555   -25.980   -17.941    -8.541    -2.540    -2.788
    -4.338    -4.676    -1.895      .947     5.478    11.345     9.846     5.463
     2.873     1.906     1.623     3.830     5.583     7.036     6.172     5.664
    11.300    19.399    23.279    21.711    19.965    16.688    11.422     5.068
     1.053     -.477    -1.528    -4.663   -11.707   -18.838   -25.910   -22.540
   -15.160    -6.377    -1.640    -1.510    -1.737    -4.702   -10.298   -14.123
   -15.506   -14.394   -12.019   -11.953   -11.765    -8.816    -2.698     3.748
    11.109    13.423     8.213     2.642    -4.412    -6.680    -1.398     5.514
    12.696    20.226    20.488    12.838     4.839    -3.768    -5.233    -3.560
    -1.417    -3.022    -6.479    -8.939    -5.544     -.399     4.450     6.495
     7.511     6.605     6.513     6.946     9.447    16.356    24.543    30.927
    29.621    25.802    18.420    10.429     2.026    -6.196   -14.548   -22.980
   -29.559   -23.638   -14.208    -3.446     5.783     6.646     4.121     4.079
     7.758    10.892    13.018    14.020    13.519    13.008    11.898    11.461
     6.912    -1.844   -11.084   -20.827   -27.857   -21.417   -11.842     -.568
      .902    -5.458   -13.408   -18.274   -12.548    -4.958     -.989     -.115
    -2.168    -6.556   -10.886   -10.448    -8.156    -5.354     -.883     -.923
    -5.208   -10.815   -11.299    -4.504     2.588    10.733    16.212    15.585
    13.987     8.011    -1.203   -11.571   -17.867   -17.475   -16.048   -14.787
   -14.888   -14.530   -13.177    -8.849     2.748    15.169    29.201    34.955
    31.755    27.594    18.164     5.791    -7.156   -19.128   -16.291    -6.812
     4.072    12.680     9.649     3.315    -3.788   -11.105   -16.484   -12.423
    -5.874     1.614     7.449    10.443    14.974    22.076    28.468    29.128
    28.192    24.822    16.665     7.103    -1.146    -5.377    -7.967   -13.797
   -24.823   -37.171   -45.840   -42.006   -35.637   -30.451   -27.485   -20.910
   -13.254   -13.322   -15.689   -18.132   -15.995   -12.294    -9.530    -8.123
    -6.778    -5.584    -4.348    -3.016    -1.626      .028      .125    -2.253
    -4.552    -5.724    -3.966     3.570    12.378    21.302    21.008    16.350
    10.516     7.599     8.113     8.846     9.035     8.847     9.201     9.769
    10.631    13.349    17.058    16.839    13.465     9.739     5.784     1.882
    -1.989    -6.028    -8.548    -7.627    -6.233    -4.414    -3.072     -.587
     3.656     9.205    11.300     9.471     7.449     5.750     1.396    -5.478
   -13.309   -16.936   -12.519    -6.835     -.391     5.334     4.182    -1.222
    -5.290    -4.608    -3.160    -2.464     1.670     9.586    13.100    13.303
    12.996    13.353    13.612    10.903     6.786     2.745    -1.863    -3.775
      .071     5.726     8.724     5.054      .377    -4.624    -9.483   -12.645
   -10.999    -9.122    -5.983    -7.150   -12.873   -19.527   -24.154   -20.449
   -14.581    -8.138    -1.586     1.779      .515    -2.007    -7.236    -7.744
    -1.802     6.508    10.393     7.631     4.413     4.319     6.263     7.910
     5.574      .194    -1.944     2.769     9.121    14.930    11.830     5.612
     -.830    -8.199    -8.491     2.599    11.452    11.228     7.337     6.044
     7.323     9.173     8.610     4.556      .669    -4.047    -5.415    -4.362
    -2.439    -3.407    -8.967   -14.656   -19.148   -17.842    -9.613     1.189
    11.486    23.212    25.596    18.418     9.927     7.458    11.442    15.277
    11.500     2.921    -6.019   -15.408   -23.625   -25.257   -19.640   -11.754
    -5.431     -.345     5.001    13.206    16.370    10.821     3.348    -3.844
   -10.299   -16.598   -24.249   -22.429   -13.562    -3.979     6.096    13.916
    21.027    26.585    24.161    19.420    16.325    14.817    13.080     9.953
     5.516     3.839     4.423     5.720     5.016      .547    -4.516    -7.679
    -9.983   -14.294   -19.825   -20.554   -14.321   -10.168    -6.638    -3.675
     2.859    10.805    19.230    27.653    35.226    31.037    21.270    10.973
     -.180    -7.429    -9.814   -12.287   -15.365   -18.059   -18.699    -9.903
     2.395    15.956    24.669    22.690    18.770    14.357    15.368    17.095
    18.332    16.270     9.769      .038   -10.814   -21.735   -31.985   -31.556
   -26.375   -20.314   -14.124    -6.005     2.955     9.627    11.459    10.001
     4.060    -5.186   -14.886   -24.023   -29.091   -32.541   -36.427   -36.253
   -27.096   -15.382    -6.608    -3.563    -3.249    -5.031   -10.019   -16.496
   -18.033   -14.826   -11.502    -6.079     2.027    10.678    19.839    25.705
    19.263     9.788     -.777   -11.158   -20.994   -22.226   -20.225   -17.768
   -13.025    -4.166     4.975    14.461    19.061    21.608    22.056    21.583
    19.738    14.032     7.172     -.386    -8.843   -16.928   -25.912   -29.675
   -25.225   -19.718   -12.284    -2.573     2.531    -1.704    -7.092   -13.410
   -17.528   -18.609   -15.855    -9.789    -4.567    -3.406    -4.013    -3.198
      .994     6.311    10.292    12.021    11.818     9.935      .285   -11.469
   -24.616   -31.461   -27.826   -23.618   -19.789   -16.248    -9.356     -.712
     5.355     3.772     1.958     1.352     1.043     1.340     4.103     7.667
    10.645    10.694     8.694     1.611    -6.058    -8.965    -9.733    -9.039
    -8.015    -2.195     6.117    13.900    13.117     9.700     6.570     3.364
     1.892     4.612     7.746    10.100    13.206    18.155    23.420    24.362
    22.208    18.975    12.411     5.785     1.203    -2.429    -6.315    -7.806
    -1.135     7.730    17.160    26.677    34.576    36.998    35.792    33.537
    30.505    24.873    18.970    12.444     7.741     5.415     6.897    12.438
    18.281    22.674    16.452     8.226    -1.962    -6.610    -2.789     2.981
     3.316    -1.015    -5.834    -9.008   -10.521    -9.932    -8.147    -5.117
    -1.991     1.044     -.814    -3.999    -8.219    -9.445    -3.102     5.378
    14.373    22.323    19.547    13.346     6.419     -.695    -6.227    -5.691
    -3.521    -2.210    -5.058    -9.071   -10.647    -4.701     2.726     9.561
     9.472     7.845     5.572     4.791     4.165     3.539      .263    -2.031
    -1.966    -1.524    -1.208    -4.977   -10.244   -15.457   -15.395   -12.951
   -10.090    -7.328    -6.057    -3.620     -.124     1.857     3.179     4.724
     4.642      .216    -6.301    -8.137     -.818     7.203     8.381     6.498
     7.024     8.722     9.733     8.832     7.706     6.276     2.356    -5.046
    -8.462    -5.181     -.166     1.577    -1.263    -4.310    -7.442    -5.287
    -1.407     5.990    11.437    13.498    14.255    11.041     5.859     4.512
     8.838    14.056    17.116    12.662     7.053     1.092     2.595     6.237
    10.980    15.075    20.060    18.318    10.611     1.872    -6.334   -10.399
   -13.043   -19.138   -19.956   -15.167    -9.377    -6.030    -7.257    -8.259
    -8.061    -7.052    -6.823    -9.960   -13.767   -15.652   -16.652   -14.780
   -11.634    -8.259    -4.987    -2.872    -2.881    -6.864   -12.192   -15.159
   -15.975   -16.454   -16.915   -17.194   -17.848   -14.411    -5.639      .228
     2.248     4.396     6.716     8.261     3.503    -3.082    -9.779   -12.436
   -12.854   -11.615   -11.474   -11.898   -12.017    -7.545    -3.368    -1.255
      .916     3.834     6.731     6.958     5.274     3.735     2.618     4.110
     7.840    10.764    11.730    12.502    11.174     7.498     3.755     -.379
    -2.783    -3.655    -2.703     -.118     1.535     2.283     1.802      .337
    -1.256    -2.724    -2.685    -1.816    -2.223    -5.394    -9.097   -11.925
   -13.939   -15.823   -16.937   -16.854   -15.467   -13.982   -12.344   -10.926
    -9.979    -9.408   -11.323   -14.755   -17.199   -18.206   -16.233   -12.155
   -10.331   -10.418   -10.488    -8.903    -6.931    -4.670    -2.858    -1.592
    -1.898    -4.978    -8.490    -6.134     -.746     5.364     9.618    10.417
    11.109    12.109    13.221    11.936     8.210     2.052    -2.395    -4.027
    -4.764    -4.148    -3.504    -1.813     1.518     5.123     8.868    11.266
    12.400    13.484    14.232    14.289    14.020    13.793    13.451    13.459
    14.701    16.315    17.468    17.587    11.238     1.333    -6.696    -9.722
    -8.110    -3.421     1.867     9.525    16.172    18.374    19.263    19.846
    20.357    19.539    18.978    18.835    18.836    16.435    11.074     8.797
     9.489    10.707    11.402     9.625     7.104     4.821     3.177     3.003
     5.202     7.858     8.478     7.974     3.871      .034    -1.423    -1.801
     -.486     1.094     3.793     6.570     9.640    11.380     9.770     8.265
     7.125     7.322     9.032    10.025     7.730     5.382     4.181     3.681
     6.661    11.353    14.768    16.353    14.922    11.015     9.211     8.263
     6.909     3.960      .187     -.458     1.797     4.739     5.470     3.062
      .696     -.738    -1.755    -2.703    -3.441    -3.019    -2.445    -1.930
    -4.810    -8.847   -12.422    -8.001    -1.142     6.083     8.574     9.208
     9.761    10.999    10.695     6.605     1.417    -4.023    -8.740   -10.753
   -12.437   -12.744   -11.532    -9.897    -9.070    -9.178    -9.346    -9.724
   -11.018   -12.791   -15.673   -18.998   -20.863   -21.701   -22.426   -23.082
   -23.680   -23.819   -23.369   -23.197   -20.852   -16.387   -11.519    -6.752
    -1.595     -.266    -3.233    -6.685    -9.452    -9.228    -8.579    -7.572
    -6.719    -5.739    -4.897    -3.931    -3.050    -2.107    -2.319    -3.376
    -4.555    -4.172    -2.162     -.100     1.914      .563    -2.159    -5.224
    -8.258   -11.259   -11.570    -9.825    -8.748    -9.830   -11.723   -11.305
    -8.251    -5.144    -1.559      .717     1.549     2.901     5.296     7.789
    10.262    11.510    11.723     9.276     6.709     5.046     4.741     5.196
     5.780     5.361     3.907     1.667     -.954    -3.478    -6.245    -6.963
    -5.349    -3.520    -2.036    -2.608    -3.503    -4.575    -4.377    -3.815
    -3.106    -3.853    -5.371    -7.054    -8.749   -10.442   -12.216   -13.476
   -11.708    -9.022    -6.111    -3.217     -.277     2.463     4.125     5.444
     6.653     7.884     8.259     7.901     7.517     6.442     4.874     3.171
     1.841     2.251     3.194     3.737     3.259     2.735     2.038     1.333
    -1.418    -4.241    -5.781    -4.948    -1.237     3.716     8.060    10.130
    10.063     7.882     5.635     3.095      .784    -1.830    -3.122    -1.461
      .992     2.903     2.834     2.425     1.796     1.239      .839     2.123
     3.758     5.686     6.820     6.066     4.949     3.586     2.439      .317
    -2.911    -6.452    -9.630   -12.238   -13.294   -11.783    -7.677    -3.758
    -2.362    -2.343    -3.337    -3.509    -2.106      .337     2.637     3.861
     3.629     2.838     2.475     2.221     2.394     2.879     3.442     3.553
     1.331    -1.515    -4.568    -7.573   -10.536   -11.378   -10.941   -10.348
    -9.680    -9.037    -8.363    -7.642    -5.507    -2.421      .308     1.556
     2.037     1.547      .891      .192      .367      .929     1.602     2.208
     2.668     3.037     3.459     3.563     2.940     2.159     1.287    -1.431
    -5.918    -9.328   -10.709    -9.761    -7.593    -5.522    -3.005    -2.832
    -5.838    -9.266   -12.799   -15.307   -15.758   -13.107    -9.986    -6.913
    -5.159    -3.508    -2.103     -.538     -.402    -1.424    -2.602    -3.762
    -3.409    -2.246    -1.002      .330     1.593     2.964     3.698     3.601
     3.600     4.226     5.083     5.968     6.326     6.257     6.463     6.949
     7.235     6.848     6.154     6.103     7.750     9.740    11.904    13.851
    14.015    13.465    12.455    10.376     9.357     8.802     8.337     7.158
     5.695     4.223     4.108     4.652     5.388     5.592     4.168     2.357
      .460     -.613    -1.163    -1.730    -2.389    -3.200    -2.384      .226
     2.865     5.763     6.484     5.726     4.653     4.542     5.765     6.970
     8.485     8.871     7.949     6.920     5.721     4.870     5.230     5.992
     6.812     7.570     7.200     6.459     5.554     5.313     5.800     6.372
     6.280     5.467     4.593     3.901     4.463     5.381     6.000     4.587
     2.684      .538    -1.219    -2.457    -2.486    -1.048      .292     2.100
     2.097      .127    -2.084    -2.830    -2.461    -1.955    -1.918    -2.257
    -2.611    -1.789     -.702      .748      .689    -1.688    -4.106    -3.862
    -2.654    -1.264      .152     1.323     1.105      .586     -.113     -.727
    -1.255    -1.047    -1.315    -2.031    -2.791    -2.277    -1.207     -.334
     -.864    -1.616    -2.589    -1.785      .516     2.995     5.613     7.772
     8.731     9.499     9.331     8.649     7.777     7.520     8.146     8.907
     9.685    10.836    12.437    12.779    12.894    12.281     9.591     6.454
     3.817     1.326    -1.104    -3.554    -5.991    -8.325    -8.796    -8.249
    -7.573    -6.800    -6.504    -7.217    -8.055    -9.118    -9.206    -7.305
    -5.014    -2.688    -2.168    -2.411    -1.894     -.787      .347     1.567
     2.734     3.847     3.800     3.457     3.046     3.255     3.215     2.575
     1.880     2.294     3.113     4.049     4.954     5.872     6.078     6.006
     4.801     2.356     1.792     2.212     2.967     3.032     1.699      .028
    -1.635    -3.468    -4.417    -4.003    -3.343    -2.986    -3.770    -4.668
    -4.859    -4.462    -4.324    -4.858    -5.753    -5.844    -4.227    -2.280
     -.182     1.828     2.912     3.169     3.751     4.647     5.796     5.946
     4.973     3.887     2.863     2.553     2.358     2.260     2.154     2.045
     1.933     1.501     -.736    -3.358    -6.276    -8.509    -9.751    -9.778
    -8.455    -7.101    -5.671    -5.492    -5.883    -6.413    -6.918    -7.509
    -7.580    -5.863    -3.628    -1.306      .615     1.470      .849    -1.284
    -5.074    -8.036    -9.713    -9.493    -8.054    -6.282    -5.898    -7.683
    -9.617   -11.865   -13.505   -14.498   -14.990   -13.903   -12.337   -10.690
    -9.069    -7.373    -5.586    -3.748    -1.925     -.073     1.668     2.285
     2.404     2.397     2.407     2.014      .375    -1.574    -3.437    -3.548
    -3.116    -2.525    -2.075    -2.637    -4.542    -8.187    -9.945    -9.322
    -8.450    -7.362    -6.367    -5.305    -4.253    -3.197    -2.188    -1.127
     -.134      .971     1.544     1.006      .113     -.362      .013      .581
      .669      .080     -.553     -.998     -.454      .107      .264
